0	7	112	2	[]
1	15	80	4	[13.38872904689898]
2	21	52	3	[19.93048823718256]
3	13	85	4	[15.278425641801261]
4	8	29	3	[20.165234614239157]
5	11	124	3	[19.751519622987427]
6	11	11	6	[19.51091789265255,9.755458946326275,14.818313815132326]
7	3	55	5	[20.069020468558406,10.034510234279203]
8	3	92	4	[14.688270972752662]
9	4	54	1	[]
10	34	30	2	[]
11	14	83	6	[19.584346874026668,9.792173437013334,15.114082066156056]
12	8	28	3	[19.785920479632193]
13	22	117	2	[]
14	2	20	2	[]
15	15	9	2	[]
16	3	111	5	[19.698057578825853,9.849028789412927]
17	9	31	6	[19.233470366278638,9.616735183139319,14.027109147443733]
18	5	29	4	[16.433840758632517]
19	7	77	5	[20.96579487460482,10.48289743730241]
20	33	107	3	[19.927991884992398]
21	13	109	6	[19.48903689881438,9.74451844940719,14.237496086034154]
22	12	111	6	[19.291381675941633,9.645690837970816,15.963824686680383]
23	33	105	3	[19.978397315114115]
24	7	34	2	[]
25	22	35	1	[]
26	17	92	4	[14.963341560273543]
27	2	10	4	[15.478369964676164]
28	33	8	6	[20.952451664824714,10.476225832412357,14.718508758744768]
29	29	44	5	[20.34469496823479,10.172347484117395]
30	30	16	2	[]
31	7	108	6	[19.241465254229617,9.620732627114808,13.52426925120765]
32	8	96	4	[15.44531045321722]
33	16	63	2	[]
34	29	46	2	[]
35	22	67	3	[20.69225027126786]
36	24	116	3	[19.93371251663404]
37	2	35	5	[19.289091967019463,9.644545983509731]
38	29	55	5	[20.33945716625597,10.169728583127984]
39	33	65	1	[]
40	10	48	1	[]
41	19	76	1	[]
42	6	54	4	[14.835111131506636]
43	32	108	3	[19.929618357679868]
44	17	57	5	[20.519048477043253,10.259524238521626]
45	10	121	1	[]
46	25	55	4	[15.636011273900225]
47	32	7	2	[]
48	22	96	3	[19.87952223925787]
49	33	85	5	[19.90846488011061,9.954232440055305]
50	12	103	5	[20.04718390027744,10.02359195013872]
51	30	59	1	[]
52	22	48	5	[20.022859922321942,10.011429961160971]
53	18	107	2	[]
54	17	53	3	[19.696921797401256]
55	15	23	3	[20.1707143568694]
56	28	105	3	[19.41085961551546]
57	33	80	3	[20.31328103922702]
58	6	109	6	[19.386605217908333,9.693302608954166,14.435715752312687]
59	30	77	2	[]
60	22	101	4	[16.97023752794143]
61	10	81	2	[]
62	12	27	4	[14.381849547466652]
63	4	83	6	[20.033608675238554,10.016804337619277,12.77496670692181]
64	29	63	5	[19.45478862994693,9.727394314973465]
65	30	31	3	[19.636212453766454]
66	10	25	4	[15.593492016132101]
67	8	78	2	[]
68	1	127	5	[20.218821191140442,10.109410595570221]
69	14	90	2	[]
70	6	52	6	[20.416730844202924,10.208365422101462,13.938103290865813]
71	28	18	5	[18.75538610425528,9.37769305212764]
72	17	89	1	[]
73	31	9	5	[20.48330377791449,10.241651888957245]
74	23	71	5	[20.081101545539514,10.040550772769757]
75	20	9	6	[20.378991968840907,10.189495984420454,15.062807911148763]
76	33	33	4	[16.042979636742164]
77	25	115	2	[]
78	12	53	6	[20.78690549432641,10.393452747163206,14.046900715032345]
79	13	118	2	[]
80	28	5	5	[19.83553491797812,9.91776745898906]
81	6	88	2	[]
82	1	127	2	[]
83	25	121	1	[]
84	17	37	1	[]
85	16	28	5	[20.333317688531725,10.166658844265863]
86	1	85	4	[15.843524284788593]
87	7	69	4	[15.4503414997237]
88	5	105	3	[20.243528884508397]
89	10	97	3	[20.564017527543257]
90	17	120	4	[16.4278658750646]
91	29	113	2	[]
92	24	119	4	[15.224613839203402]
93	30	89	6	[19.739787389676714,9.869893694838357,15.72478724746535]
94	24	87	5	[20.70211632016352,10.35105816008176]
95	20	57	4	[16.52813209472286]
96	19	103	2	[]
97	30	13	5	[21.183789482703393,10.591894741351696]
98	3	31	6	[20.142016041370244,10.071008020685122,14.084992316795187]
99	17	107	2	[]
100	10	128	5	[19.84082736744708,9.92041368372354]
101	11	120	4	[14.337488840244266]
102	27	13	6	[20.287961124601477,10.143980562300738,14.953955999901346]
103	11	73	2	[]
104	11	114	5	[19.854472952493254,9.927236476246627]
105	31	15	1	[]
106	9	125	2	[]
107	30	83	4	[13.12822526243049]
108	22	80	4	[15.243816409192341]
109	30	8	3	[20.166927243188024]
110	4	96	4	[13.23144583145887]
111	29	80	1	[]
112	5	72	5	[20.257104767267897,10.128552383633949]
113	6	54	1	[]
114	9	27	3	[20.791505470005085]
115	6	113	1	[]
116	25	27	5	[20.269144093998925,10.134572046999462]
117	27	29	5	[20.48544143086223,10.242720715431116]
118	1	109	4	[14.28918296464159]
119	1	8	4	[16.393856040274287]
120	3	116	5	[20.128315556196913,10.064157778098457]
121	12	71	5	[20.225803394622975,10.112901697311488]
122	10	66	4	[16.43147271940348]
123	30	109	5	[19.94649422314759,9.973247111573794]
124	24	99	5	[20.610920633469615,10.305460316734807]
125	6	100	4	[16.220825873306886]
126	32	76	6	[19.944042013864202,9.972021006932101,13.496267596983547]
127	9	84	3	[19.5594851156996]
128	33	121	6	[19.62601258909178,9.81300629454589,14.902713735461193]
129	26	46	5	[20.32406703171836,10.16203351585918]
130	12	99	6	[20.364787843578803,10.182393921789402,15.489739238134243]
131	23	45	3	[19.610178657556027]
132	26	102	2	[]
133	2	48	1	[]
134	23	4	6	[20.272801319983625,10.136400659991812,15.332229554368688]
135	9	3	3	[20.21430941654622]
136	21	100	4	[15.34321533378969]
137	12	24	6	[19.879761328550973,9.939880664275487,16.325613114649048]
138	30	42	2	[]
139	34	22	6	[20.626149602752903,10.313074801376452,15.33098037006058]
140	7	29	2	[]
141	15	62	3	[20.116732212646284]
142	31	52	1	[]
143	25	25	2	[]
144	7	11	5	[20.45992538656287,10.229962693281434]
145	25	76	5	[20.251895580717218,10.125947790358609]
146	5	28	4	[16.31874119303816]
147	23	102	4	[15.336001790889554]
148	7	50	4	[14.259018333036016]
149	33	3	1	[]
150	27	5	1	[]
151	28	13	2	[]
152	15	126	4	[15.558831821035621]
153	27	14	5	[19.81943504411715,9.909717522058575]
154	26	111	3	[20.12344900662838]
155	16	93	2	[]
156	19	72	6	[20.377709431299216,10.188854715649608,14.38678347069052]
157	24	14	4	[16.955933117518384]
158	28	72	2	[]
159	15	66	3	[20.315393365701834]
160	22	128	4	[15.457145967326504]
161	33	112	5	[19.979294183664916,9.989647091832458]
162	13	54	3	[19.61208012579224]
163	25	107	4	[15.867995554223162]
164	21	106	3	[20.261542372150963]
165	17	38	6	[19.600769759350687,9.800384879675343,14.798884087430125]
166	34	94	5	[20.22482791375609,10.112413956878045]
167	26	100	4	[13.552787865519663]
168	6	46	5	[19.53348892652119,9.766744463260595]
169	23	88	3	[19.98208942702265]
170	26	24	3	[19.467836951311963]
171	22	41	5	[20.503998645722074,10.251999322861037]
172	33	12	1	[]
173	16	42	3	[20.31725622025992]
174	8	75	6	[19.916616336234373,9.958308168117187,15.621491156511137]
175	21	123	3	[20.282659168903752]
176	22	77	4	[16.671185014425504]
177	5	20	6	[20.036352359753728,10.018176179876864,15.581252391148265]
178	7	26	1	[]
179	14	29	4	[16.410883821741642]
180	4	10	4	[15.267659821665813]
181	6	105	3	[18.61291374362354]
182	33	42	1	[]
183	5	34	6	[19.507267417811487,9.753633708905744,13.375552769392796]
184	8	21	4	[17.37866576528295]
185	23	99	1	[]
186	4	22	4	[12.761801779927156]
187	20	58	2	[]
188	14	0	1	[]
189	25	77	1	[]
190	34	119	3	[20.19239926645276]
191	5	42	5	[20.142258507224614,10.071129253612307]
192	23	36	6	[19.64407106062375,9.822035530311876,12.584275403096292]
193	4	59	6	[19.44689812524685,9.723449062623425,14.441011285621478]
194	10	50	4	[14.289376424322182]
195	8	67	5	[20.201021852037098,10.100510926018549]
196	16	40	2	[]
197	22	126	1	[]
198	8	61	1	[]
199	30	50	6	[18.964753713433446,9.482376856716723,16.368539005488493]
200	34	96	1	[]
201	12	90	2	[]
202	22	124	1	[]
203	1	9	4	[13.952889397865727]
204	26	115	1	[]
205	10	30	4	[15.04949196049629]
206	3	84	1	[]
207	15	5	2	[]
208	2	106	4	[15.462939453128582]
209	15	87	3	[19.947754582997838]
210	16	76	5	[20.31562012597629,10.157810062988146]
211	3	128	1	[]
212	24	95	4	[14.62300644421397]
213	34	38	2	[]
214	19	128	2	[]
215	32	12	5	[19.745867005260184,9.872933502630092]
216	11	17	1	[]
217	33	45	3	[20.326302841224564]
218	18	61	2	[]
219	27	37	2	[]
220	33	71	5	[19.582796519481597,9.791398259740799]
221	3	82	6	[19.455648481714025,9.727824240857013,14.774502903684857]
222	18	24	6	[20.70000522286302,10.35000261143151,15.754938612093747]
223	11	93	5	[19.204536735157774,9.602268367578887]
224	29	103	6	[19.89263869349542,9.94631934674771,15.672977357372732]
225	34	49	5	[20.273950710453793,10.136975355226896]
226	34	0	2	[]
227	21	27	2	[]
228	25	36	3	[20.637853522795776]
229	1	62	6	[19.383992077708143,9.691996038854072,14.433813072664854]
230	26	110	5	[21.230028999364094,10.615014499682047]
231	29	3	3	[20.481422221047094]
232	27	103	2	[]
233	12	48	3	[21.365214222287772]
234	4	47	5	[19.62470719839206,9.81235359919603]
235	4	120	5	[19.359168209393314,9.679584104696657]
236	18	28	1	[]
237	19	16	1	[]
238	14	120	4	[14.1750516727455]
239	2	49	2	[]
240	1	100	6	[20.428732359509294,10.214366179754647,15.388900517071791]
241	21	11	3	[19.895998667846506]
242	6	59	3	[19.632560561925885]
243	13	75	5	[19.562985157384322,9.781492578692161]
244	28	119	6	[20.289868613695642,10.144934306847821,14.571392600341483]
245	31	109	3	[19.87098252804391]
246	27	115	6	[19.601877003713653,9.800938501856827,15.514890802091655]
247	34	98	5	[19.91287568463286,9.95643784231643]
248	28	2	2	[]
249	12	12	5	[19.793346033718397,9.896673016859198]
250	23	106	5	[19.903008239532344,9.951504119766172]
251	11	93	6	[19.41968966437995,9.709844832189974,16.201731848838595]
252	8	119	4	[13.911990650119758]
253	10	111	2	[]
254	9	24	1	[]
255	29	15	6	[19.820790730590556,9.910395365295278,13.64221216197895]
256	9	107	4	[14.029657903389609]
257	11	115	3	[20.310807347210407]
258	11	40	4	[16.648914567397718]
259	10	35	5	[20.092815407773926,10.046407703886963]
260	33	105	4	[12.462541990437662]
261	29	100	3	[21.187084588395784]
262	34	89	2	[]
263	21	116	6	[20.277529037565074,10.138764518782537,14.6122093739983]
264	21	42	3	[19.77901112590247]
265	32	74	6	[19.79325170473156,9.89662585236578,15.306961848341308]
266	12	0	4	[16.455043440428415]
267	13	113	3	[20.79757851486508]
268	30	98	3	[19.7446342066645]
269	22	8	1	[]
270	3	108	4	[13.699477076901843]
271	33	43	1	[]
272	24	26	1	[]
273	6	10	6	[19.64027923544279,9.820139617721395,15.88996983098958]
274	5	89	3	[19.75085554856641]
275	28	52	4	[16.082482229048203]
276	22	98	1	[]
277	19	22	2	[]
278	2	2	2	[]
279	17	29	6	[19.677032442203533,9.838516221101766,14.761529510008945]
280	29	126	1	[]
281	15	70	3	[19.97732740554273]
282	17	74	5	[20.202206496470584,10.101103248235292]
283	11	74	4	[15.559842809950425]
284	28	94	5	[20.400960228111344,10.200480114055672]
285	27	97	2	[]
286	5	107	5	[20.92874261719314,10.46437130859657]
287	17	2	6	[20.29431474653411,10.147157373267055,14.781793333416948]
288	6	121	3	[19.322546196075752]
289	20	100	4	[16.516754179245552]
290	15	9	6	[19.471249257608132,9.735624628804066,14.75357934833393]
291	19	17	4	[15.469608943951352]
292	13	78	6	[20.040614769050684,10.020307384525342,15.619088997680795]
293	19	5	6	[19.239567322687275,9.619783661343638,14.61010149541598]
294	34	1	6	[20.54576845262825,10.272884226314124,14.852902184582394]
295	31	47	3	[19.443355111776516]
296	2	101	2	[]
297	18	24	2	[]
298	2	52	4	[13.332652444988055]
299	20	117	4	[14.555780641781118]
300	25	126	1	[]
301	5	48	5	[20.48937945109074,10.24468972554537]
302	21	105	6	[19.107410321773088,9.553705160886544,13.67042536535586]
303	28	32	6	[20.124595526075275,10.062297763037638,15.217247964216522]
304	20	127	1	[]
305	14	87	3	[19.826395524978548]
306	22	24	1	[]
307	29	51	4	[16.584440179561383]
308	23	84	6	[20.097345660825738,10.048672830412869,15.400491171223486]
309	24	19	4	[15.056610858841166]
310	22	94	3	[19.076271957685826]
311	25	83	1	[]
312	16	29	4	[14.782290070010486]
313	16	70	2	[]
314	16	56	5	[20.999095471481823,10.499547735740911]
315	5	97	6	[20.100493394626433,10.050246697313217,16.223861190194583]
316	30	3	6	[20.207010020937695,10.103505010468847,14.769514588717941]
317	29	66	5	[20.25494344569728,10.12747172284864]
318	8	31	4	[13.848336816507407]
319	20	90	2	[]
320	16	8	6	[19.450042815498126,9.725021407749063,15.836634744633985]
321	25	39	2	[]
322	15	61	5	[19.95324997297331,9.976624986486655]
323	27	16	5	[19.68542095671672,9.84271047835836]
324	2	88	6	[20.260613287287526,10.130306643643763,14.308951035842718]
325	33	112	6	[19.759760766769865,9.879880383384933,16.519170195824277]
326	9	119	6	[19.52350815633347,9.761754078166735,16.211454951584148]
327	18	28	6	[19.912686673985995,9.956343336992997,14.939784580842431]
328	1	66	4	[14.856056187377526]
329	14	9	3	[20.03632167900974]
330	34	99	2	[]
331	9	121	2	[]
332	21	99	4	[15.651589104376749]
333	30	43	1	[]
334	19	41	1	[]
335	32	68	5	[20.732515376758133,10.366257688379067]
336	22	87	2	[]
337	29	33	5	[20.419931940736923,10.209965970368462]
338	28	126	4	[15.317114172021718]
339	34	92	5	[20.42847618735887,10.214238093679436]
340	33	122	2	[]
341	31	88	4	[15.067062740682426]
342	34	119	5	[19.015297007966222,9.507648503983111]
343	5	7	2	[]
344	34	75	3	[19.27501405367905]
345	17	19	3	[19.294672351350762]
346	24	57	3	[20.20939820924254]
347	33	28	3	[19.74139967372913]
348	15	43	3	[20.114695905957646]
349	34	103	4	[14.699699881104127]
350	34	13	1	[]
351	11	16	1	[]
352	18	108	4	[14.166487007930487]
353	24	109	3	[20.103302327119106]
354	23	50	3	[20.388504556248968]
355	31	70	3	[20.56410593512258]
356	26	81	1	[]
357	12	56	1	[]
358	5	50	4	[14.18297089176523]
359	16	15	2	[]
360	18	18	1	[]
361	6	11	3	[19.06371419139868]
362	4	81	2	[]
363	1	75	3	[19.622678123747086]
364	8	80	2	[]
365	14	91	5	[19.54924761793966,9.77462380896983]
366	34	94	6	[19.61049039842688,9.80524519921344,14.627159966043475]
367	8	46	3	[19.45746067472504]
368	10	116	2	[]
369	9	2	3	[20.265841508331363]
370	33	62	1	[]
371	25	29	1	[]
372	22	42	6	[20.64625439860167,10.323127199300835,15.628850495327487]
373	1	21	3	[19.473901422566676]
374	33	63	2	[]
375	23	25	2	[]
376	25	10	5	[19.895959266793618,9.947979633396809]
377	10	72	5	[19.76487495599528,9.88243747799764]
378	5	127	2	[]
379	22	98	1	[]
380	21	118	3	[20.37667855839521]
381	29	114	4	[14.685806403859207]
382	32	42	6	[19.968232386274536,9.984116193137268,15.813234502130125]
383	25	29	2	[]
384	10	34	5	[20.290209200243236,10.145104600121618]
385	6	49	3	[20.486944688179904]
386	22	75	1	[]
387	10	102	4	[15.31937177949211]
388	30	73	4	[14.839870967817701]
389	31	58	4	[14.17903457919696]
390	27	48	4	[12.143636057459949]
391	7	50	3	[20.523298365549067]
392	18	65	1	[]
393	20	58	6	[20.301302959736578,10.150651479868289,15.63669974888997]
394	2	101	5	[20.921185927195314,10.460592963597657]
395	32	106	4	[15.876681173138888]
396	34	60	5	[19.341957403612184,9.670978701806092]
397	13	3	3	[20.28784680420322]
398	22	121	4	[14.272534163293573]
399	32	120	2	[]
400	21	81	4	[13.67619356360825]
401	16	125	2	[]
402	7	110	4	[14.533596821164332]
403	9	17	4	[15.29857337265148]
404	18	22	4	[14.692796534040282]
405	21	19	4	[13.241507141828388]
406	2	15	3	[19.419586028277408]
407	14	60	2	[]
408	29	116	6	[20.199219905584748,10.099609952792374,15.646130830459919]
409	2	58	4	[15.784447951325914]
410	30	29	4	[15.204459285611028]
411	34	15	2	[]
412	18	93	3	[20.149472784457707]
413	26	91	4	[13.676334943723768]
414	26	67	1	[]
415	6	109	5	[19.700042554321374,9.850021277160687]
416	29	50	6	[19.728409110348103,9.864204555174052,16.004718123510056]
417	29	97	2	[]
418	14	34	1	[]
419	6	6	2	[]
420	20	98	2	[]
421	18	5	5	[20.275672955733963,10.137836477866982]
422	15	22	4	[14.488999013505929]
423	20	13	6	[20.164877273916073,10.082438636958036,13.472654221589451]
424	24	104	6	[19.939412613609406,9.969706306804703,16.49888163772398]
425	34	118	5	[19.484865927798122,9.742432963899061]
426	31	8	3	[19.083885859903067]
427	4	4	5	[19.3577873353542,9.6788936676771]
428	13	48	6	[20.059152936089493,10.029576468044747,15.7667799439663]
429	15	43	4	[16.02498332133271]
430	2	22	6	[20.85437982291156,10.42718991145578,14.648332862305628]
431	12	15	4	[14.00782613702343]
432	8	28	5	[20.534400387574358,10.267200193787179]
433	26	90	2	[]
434	33	121	2	[]
435	15	3	6	[19.702538864443934,9.851269432221967,14.299495052682023]
436	14	13	6	[20.071120960870225,10.035560480435112,15.760823330684252]
437	26	77	4	[15.140235072110366]
438	27	10	1	[]
439	19	76	2	[]
440	6	52	6	[20.636229657705243,10.318114828852622,17.810272577660363]
441	29	92	4	[13.844362540550692]
442	22	30	3	[20.62503087332092]
443	20	111	3	[20.478740927624724]
444	16	94	6	[20.560087231164218,10.280043615582109,14.680202723269803]
445	1	103	1	[]
446	17	109	4	[14.11461748781108]
447	16	117	6	[19.480495851266685,9.740247925633343,16.136289451766213]
448	9	93	1	[]
449	12	124	6	[19.46480549858759,9.732402749293795,14.332706064480464]
450	29	4	4	[14.077560172356334]
451	16	56	4	[16.569593103075647]
452	33	77	6	[19.972967697576397,9.986483848788199,14.551702680039337]
453	21	44	3	[20.348305395239176]
454	28	41	4	[13.813009231313387]
455	11	105	4	[13.850869850451309]
456	21	5	1	[]
457	12	4	5	[20.396742533810603,10.198371266905301]
458	8	68	1	[]
459	13	81	6	[19.480664926545955,9.740332463272978,12.929252964387047]
460	22	102	3	[20.40254736567664]
461	7	86	2	[]
462	10	23	6	[19.278903354087532,9.639451677043766,14.676833466387153]
463	14	67	6	[19.777531987395992,9.888765993697996,15.24991529063023]
464	20	121	1	[]
465	28	10	2	[]
466	3	16	3	[20.115824755094877]
467	12	93	2	[]
468	30	97	6	[20.390724076014713,10.195362038007357,13.648575656952024]
469	11	22	6	[19.946979318050772,9.973489659025386,15.00459663827756]
470	14	59	3	[20.20645649798283]
471	7	80	3	[20.643640872491172]
472	29	126	1	[]
473	9	76	1	[]
474	22	91	1	[]
475	28	97	6	[19.511982333210586,9.755991166605293,12.42182763547963]
476	2	90	5	[19.657478747490526,9.828739373745263]
477	19	74	6	[21.217914767288633,10.608957383644317,14.334019749598157]
478	14	124	1	[]
479	8	64	1	[]
480	2	104	2	[]
481	32	1	4	[15.933815434361659]
482	11	119	4	[14.003250426726801]
483	6	72	1	[]
484	16	3	1	[]
485	22	7	1	[]
486	1	51	5	[19.83224576443517,9.916122882217586]
487	17	93	4	[16.593728516016384]
488	5	127	1	[]
489	2	49	4	[16.705002903660404]
490	19	15	1	[]
491	11	32	2	[]
492	25	19	2	[]
493	1	82	1	[]
494	18	42	3	[19.759832472017976]
495	32	52	4	[13.575697526011492]
496	21	80	5	[19.978920734958866,9.989460367479433]
497	4	41	4	[16.18026471960096]
498	1	18	1	[]
499	32	39	3	[20.7909452805633]
500	23	85	4	[14.78427515709635]
501	4	109	6	[20.776656842128315,10.388328421064157,16.422407744817335]
502	1	37	1	[]
503	22	31	1	[]
504	18	20	6	[19.59498871552095,9.797494357760476,14.914452735010052]
505	20	45	2	[]
506	9	116	2	[]
507	34	57	5	[19.090501347569166,9.545250673784583]
508	4	118	4	[14.041800857127969]
509	18	111	2	[]
510	30	86	3	[20.619523705208195]
511	1	27	6	[19.9225375167088,9.9612687583544,14.370268524014968]
512	4	95	6	[19.207035932315986,9.603517966157993,14.69856015778933]
513	13	105	5	[19.586330619328265,9.793165309664133]
514	7	39	2	[]
515	1	55	2	[]
516	15	5	2	[]
517	1	44	6	[20.134773699692026,10.067386849846013,14.015642998016233]
518	29	1	3	[19.902535172112675]
519	3	10	5	[20.077062324352376,10.038531162176188]
520	24	109	3	[20.685094226267765]
521	14	115	1	[]
522	17	109	5	[20.12065878803951,10.060329394019755]
523	13	88	3	[20.501139215050866]
524	17	111	4	[16.544388981035738]
525	1	33	4	[15.030753313351141]
526	12	48	6	[19.556367290078967,9.778183645039483,14.79513848768175]
527	7	44	4	[14.110745864842226]
528	25	71	3	[20.17270362178005]
529	8	15	6	[20.373557371493334,10.186778685746667,14.580884464385907]
530	5	34	5	[20.664132222201605,10.332066111100803]
531	31	45	3	[20.75310966420445]
532	28	9	4	[13.586680372568003]
533	28	11	2	[]
534	32	102	3	[19.377277648339895]
535	17	93	2	[]
536	30	74	4	[14.231828441331624]
537	1	92	1	[]
538	8	18	6	[20.40094947353474,10.20047473676737,15.418679854024793]
539	20	45	4	[15.176792606249068]
540	21	52	2	[]
541	3	118	1	[]
542	30	33	4	[14.127412741208804]
543	15	126	2	[]
544	27	75	5	[20.283768472362752,10.141884236181376]
545	4	11	2	[]
546	11	117	3	[19.30682245682947]
547	16	17	3	[20.010481947551984]
548	27	123	2	[]
549	30	112	3	[19.505368699598428]
550	25	18	5	[20.202325813022817,10.101162906511409]
551	27	29	3	[20.235779150769183]
552	29	37	3	[20.62721009887972]
553	10	3	4	[14.250604751790169]
554	25	66	5	[19.750085141970434,9.875042570985217]
555	21	78	4	[16.569980329881496]
556	20	127	4	[16.086508466345894]
557	15	77	1	[]
558	18	26	1	[]
559	1	29	5	[20.346575789923715,10.173287894961858]
560	28	95	6	[19.63772514647899,9.818862573239494,15.339787355808234]
561	30	104	5	[19.990652797937287,9.995326398968643]
562	32	20	4	[15.043137301557099]
563	11	126	1	[]
564	4	53	1	[]
565	8	69	4	[14.943788913558747]
566	26	1	1	[]
567	25	34	3	[20.85912259377799]
568	32	35	6	[19.23013535644624,9.61506767822312,16.296496392779954]
569	23	127	4	[14.847932673467028]
570	7	22	6	[20.061544950731697,10.030772475365849,13.396299245944197]
571	1	85	6	[20.005201970842293,10.002600985421147,16.368697476954964]
572	12	22	6	[19.343143999409413,9.671571999704707,15.721954000067656]
573	29	125	3	[19.63967789626686]
574	11	22	5	[20.07672196775296,10.03836098387648]
575	4	37	1	[]
576	21	65	6	[19.535263413628655,9.767631706814328,13.812127051062216]
577	13	74	2	[]
578	20	85	5	[20.366730906850343,10.183365453425171]
579	33	67	2	[]
580	31	120	2	[]
581	29	86	4	[14.703209088280007]
582	10	75	3	[20.108960903464496]
583	20	59	3	[20.123780754948893]
584	26	69	1	[]
585	2	111	6	[20.83617254152952,10.41808627076476,16.831237555315447]
586	25	84	1	[]
587	17	20	6	[19.55626582217437,9.778132911087186,14.841747024859286]
588	12	116	5	[19.118338188770693,9.559169094385346]
589	34	23	1	[]
590	28	1	1	[]
591	30	27	5	[20.164240635843917,10.082120317921959]
592	34	85	5	[19.750111585259322,9.875055792629661]
593	29	123	5	[20.88930795189607,10.444653975948034]
594	8	29	5	[19.201022595697168,9.600511297848584]
595	19	51	1	[]
596	25	66	2	[]
597	12	79	4	[15.426327084925344]
598	30	64	5	[20.039404808630533,10.019702404315266]
599	15	74	6	[19.421507380291246,9.710753690145623,14.504898384905665]
600	33	99	6	[20.138536540741317,10.069268270370658,15.636945235469316]
601	13	29	4	[14.648210696857655]
602	9	127	4	[13.023814245374346]
603	32	36	1	[]
604	12	61	4	[15.890453357612717]
605	2	30	2	[]
606	32	65	4	[13.51129630537314]
607	6	107	1	[]
608	30	71	1	[]
609	11	47	5	[20.083923429657112,10.041961714828556]
610	24	28	2	[]
611	32	34	5	[20.25392904111641,10.126964520558206]
612	16	121	6	[20.447865977331293,10.223932988665647,16.23621033559655]
613	19	4	1	[]
614	2	108	2	[]
615	22	0	3	[19.687030852792027]
616	3	58	3	[20.723282819482055]
617	25	126	2	[]
618	21	69	1	[]
619	32	41	3	[19.37124135814532]
620	33	32	4	[14.239317175458652]
621	8	43	2	[]
622	12	22	4	[12.88923797359038]
623	19	89	1	[]
624	11	70	1	[]
625	15	57	6	[20.078050021935876,10.039025010967938,15.006380961062218]
626	3	56	1	[]
627	4	74	2	[]
628	1	126	3	[19.512775986807124]
629	9	43	6	[20.7415395403281,10.37076977016405,15.151175462830796]
630	12	7	5	[20.58168557031886,10.29084278515943]
631	12	4	6	[20.650836812802595,10.325418406401297,15.443780156619178]
632	6	108	6	[19.990548095647757,9.995274047823878,14.75723009493038]
633	34	87	5	[19.85617692970434,9.92808846485217]
634	11	44	6	[20.205564966295455,10.102782483147728,14.724963983031799]
635	12	98	4	[15.28866548737845]
636	23	4	1	[]
637	20	6	3	[20.34016228069951]
638	31	105	4	[16.603641763758358]
639	17	0	6	[20.242360578065437,10.121180289032718,17.26295030617422]
640	19	23	2	[]
641	25	16	6	[20.426266356576857,10.213133178288428,13.955179727012291]
642	26	1	1	[]
643	5	19	4	[14.920814777177696]
644	26	123	3	[19.33132168778309]
645	12	58	4	[14.889769188495547]
646	29	0	5	[19.450818301511585,9.725409150755793]
647	24	57	5	[20.05530966175546,10.02765483087773]
648	26	1	3	[19.682985548677888]
649	19	81	4	[15.453425499885773]
650	11	52	4	[15.424071876996587]
651	13	94	5	[20.07987204473809,10.039936022369044]
652	17	74	3	[19.37765180248111]
653	8	115	1	[]
654	29	43	4	[15.30398639301134]
655	17	3	2	[]
656	4	128	4	[14.528928522638093]
657	7	97	6	[20.056553195501415,10.028276597750708,14.861187692833308]
658	4	96	5	[20.177966417193318,10.088983208596659]
659	16	72	1	[]
660	5	114	1	[]
661	19	14	5	[19.43806123030346,9.71903061515173]
662	20	19	4	[14.2877643642781]
663	23	128	5	[20.23607616466227,10.118038082331134]
664	31	26	6	[20.229627190868317,10.114813595434159,14.112643754064356]
665	19	128	4	[15.658614147638703]
666	28	111	6	[20.334007201348292,10.167003600674146,14.66690360401738]
667	32	105	3	[20.792476210450033]
668	22	15	5	[20.56842018836759,10.284210094183795]
669	14	27	3	[20.88559130838184]
670	28	13	2	[]
671	16	96	6	[19.93492405202873,9.967462026014365,15.787350206338159]
672	32	121	3	[19.750163287232787]
673	26	48	5	[19.945404426489127,9.972702213244563]
674	3	88	2	[]
675	34	47	2	[]
676	9	100	3	[20.085158362282723]
677	11	45	1	[]
678	11	5	1	[]
679	17	61	1	[]
680	7	85	6	[20.121888572003396,10.060944286001698,14.346336675610855]
681	24	98	2	[]
682	27	87	4	[14.71470785452685]
683	18	91	6	[19.467495621940177,9.733747810970089,15.609932236314698]
684	12	125	6	[20.388638529759525,10.194319264879763,14.788081949966436]
685	11	52	1	[]
686	19	77	6	[19.540977744702413,9.770488872351207,13.245154638601006]
687	1	13	5	[20.68719099573495,10.343595497867476]
688	5	23	5	[19.901550310693686,9.950775155346843]
689	19	11	3	[20.263686349212602]
690	24	115	2	[]
691	26	32	1	[]
692	10	59	1	[]
693	23	63	3	[19.877470272355165]
694	28	84	2	[]
695	27	120	5	[20.841845574918015,10.420922787459007]
696	11	33	3	[19.495274743527112]
697	4	108	1	[]
698	34	40	2	[]
699	4	30	6	[19.84122871623622,9.92061435811811,15.52530295823443]
700	2	116	4	[14.022113365829492]
701	24	118	3	[20.564832032417584]
702	29	29	2	[]
703	15	121	1	[]
704	34	94	1	[]
705	30	64	2	[]
706	33	68	3	[21.391285775497273]
707	14	25	6	[20.376975294557848,10.188487647278924,16.038087270646972]
708	29	51	5	[20.65762327111211,10.328811635556056]
709	23	116	3	[19.932202999298003]
710	5	20	1	[]
711	22	14	1	[]
712	32	118	3	[20.083716479402952]
713	3	94	5	[20.565336698936083,10.282668349468041]
714	11	19	1	[]
715	8	30	4	[12.127965885895744]
716	20	40	5	[20.845065691398133,10.422532845699067]
717	2	24	5	[20.261988424510008,10.130994212255004]
718	17	30	5	[19.329060377026224,9.664530188513112]
719	25	111	6	[20.121542688717977,10.060771344358988,14.682959628570938]
720	31	14	1	[]
721	20	31	3	[21.14882624124618]
722	9	2	5	[20.72530427126377,10.362652135631885]
723	11	19	3	[20.5991861274052]
724	11	88	4	[15.98268634396674]
725	15	22	5	[20.72062667267008,10.36031333633504]
726	10	57	6	[19.850800949819075,9.925400474909537,13.795512627892903]
727	26	123	6	[19.433181008119213,9.716590504059607,15.40239435398219]
728	30	97	6	[19.830447823227868,9.915223911613934,13.715876377364037]
729	21	25	2	[]
730	3	19	6	[20.017825094662072,10.008912547331036,14.933436522814288]
731	19	91	2	[]
732	17	104	5	[19.979422652519393,9.989711326259696]
733	24	53	2	[]
734	10	99	4	[13.844834777977539]
735	21	3	3	[21.20150864776469]
736	9	70	5	[20.222532922425863,10.111266461212931]
737	29	96	5	[19.16304678456473,9.581523392282365]
738	22	85	4	[14.066416172923544]
739	19	29	4	[15.82261681222942]
740	14	1	1	[]
741	5	57	3	[20.714214093670805]
742	5	25	5	[19.410108150003833,9.705054075001916]
743	11	56	6	[20.085551479323787,10.042775739661893,14.929908549313419]
744	5	55	5	[19.953120994628254,9.976560497314127]
745	7	0	4	[15.066581449045634]
746	30	8	2	[]
747	9	124	6	[20.168079574492577,10.084039787246288,16.05591957029439]
748	1	59	2	[]
749	21	44	1	[]
750	7	95	5	[19.282507718757298,9.641253859378649]
751	30	123	4	[15.342598034274065]
752	29	28	3	[20.812274166518186]
753	24	80	4	[13.833917325141298]
754	9	118	3	[20.402471121129313]
755	25	102	5	[19.611209410607785,9.805604705303892]
756	8	98	4	[14.298993779003641]
757	4	126	6	[20.231084396731376,10.115542198365688,15.327025957177257]
758	7	14	2	[]
759	31	94	1	[]
760	26	94	3	[20.626711575070182]
761	22	121	4	[16.809796898610372]
762	4	77	3	[19.944071778627492]
763	33	81	6	[19.965663214761268,9.982831607380634,14.598761594275574]
764	21	77	3	[19.45994893935042]
765	17	43	3	[21.099702527034456]
766	2	90	1	[]
767	23	91	4	[14.672009173327902]
768	14	78	6	[20.018077942759167,10.009038971379583,16.738851807992244]
769	25	90	2	[]
770	17	89	5	[19.479479948003117,9.739739974001559]
771	14	36	4	[15.335774220474775]
772	34	123	5	[18.530727080636563,9.265363540318281]
773	23	126	1	[]
774	17	108	6	[19.265651496320032,9.632825748160016,16.94487287050887]
775	24	63	1	[]
776	4	97	1	[]
777	1	21	3	[19.85208360204534]
778	27	49	5	[19.528079371355012,9.764039685677506]
779	6	60	4	[15.359183902864439]
780	23	98	3	[20.00856031083168]
781	31	104	4	[15.255516830174702]
782	2	96	1	[]
783	10	15	1	[]
784	25	120	6	[20.17143432756824,10.08571716378412,15.50466759678662]
785	21	54	6	[18.94786221678101,9.473931108390506,14.061640186173896]
786	15	62	5	[19.861748974891764,9.930874487445882]
787	21	59	5	[21.01538944010619,10.507694720053095]
788	33	96	2	[]
789	18	110	1	[]
790	26	22	3	[20.106143871831353]
791	9	48	6	[19.40410440902248,9.70205220451124,15.01234639954228]
792	16	114	4	[15.921919931343265]
793	12	79	5	[20.088271117114513,10.044135558557256]
794	12	83	4	[16.974043176101393]
795	13	103	6	[20.60378693548832,10.30189346774416,14.897987980636486]
796	30	106	2	[]
797	9	93	2	[]
798	23	30	3	[20.411148275245363]
799	32	33	1	[]
800	16	7	6	[20.29954333350962,10.14977166675481,16.461947500073766]
801	19	82	1	[]
802	24	90	6	[21.019551593715015,10.509775796857507,16.14071081708174]
803	16	106	6	[19.466654211104604,9.733327105552302,14.112681006386707]
804	19	53	5	[20.299226202645,10.1496131013225]
805	23	90	1	[]
806	21	11	3	[20.267500773443896]
807	21	19	3	[19.698090503294228]
808	12	120	5	[20.367689312867906,10.183844656433953]
809	15	48	1	[]
810	27	115	2	[]
811	24	40	6	[19.92601975957106,9.96300987978553,14.933883860488834]
812	3	96	4	[14.448216197503514]
813	32	78	1	[]
814	28	99	4	[14.333143783021717]
815	6	126	4	[14.854357692759981]
816	27	77	3	[19.799034794259267]
817	26	74	2	[]
818	5	73	2	[]
819	26	5	5	[19.744410287267073,9.872205143633536]
820	1	10	2	[]
821	9	106	1	[]
822	18	31	2	[]
823	15	14	6	[20.324407538916294,10.162203769458147,14.310565838097544]
824	25	113	1	[]
825	9	16	4	[13.447013689614948]
826	6	6	4	[15.855937831632362]
827	30	128	6	[20.225749067299184,10.112874533649592,16.001896167806226]
828	34	5	3	[20.595040165271342]
829	23	13	3	[19.936267818048744]
830	3	74	2	[]
831	31	68	2	[]
832	18	53	3	[19.595536343666755]
833	18	48	3	[20.023268687976245]
834	16	11	1	[]
835	14	67	3	[20.85309682790325]
836	17	105	5	[20.709016308906868,10.354508154453434]
837	26	115	2	[]
838	22	89	4	[15.493124948492353]
839	20	87	2	[]
840	2	79	5	[19.28798853431091,9.643994267155454]
841	34	63	1	[]
842	20	67	4	[16.432972954416417]
843	2	92	2	[]
844	19	29	3	[19.154681520320494]
845	3	96	6	[20.289891596688033,10.144945798344017,14.62725433842265]
846	17	76	5	[19.66648165571063,9.833240827855315]
847	19	15	6	[19.514455030746642,9.757227515373321,17.309659658126602]
848	8	97	6	[19.205922984534876,9.602961492267438,14.623927312373466]
849	30	112	3	[20.846449780363706]
850	19	73	2	[]
851	34	93	5	[20.126481238724637,10.063240619362318]
852	3	87	5	[19.772450087134825,9.886225043567412]
853	11	10	3	[19.22603390495094]
854	20	88	5	[19.392848305973395,9.696424152986697]
855	32	9	4	[14.09156620467673]
856	7	23	6	[19.547252533100277,9.773626266550139,14.99676626550385]
857	25	1	2	[]
858	30	0	2	[]
859	22	87	1	[]
860	2	90	1	[]
861	14	15	3	[20.253202610726166]
862	21	124	1	[]
863	13	11	6	[20.156153836744558,10.078076918372279,13.107246733697469]
864	32	75	1	[]
865	19	41	1	[]
866	22	34	3	[20.36407593237905]
867	10	71	6	[19.330421505894073,9.665210752947036,13.598922746692228]
868	14	81	2	[]
869	16	13	5	[19.926814611941197,9.963407305970598]
870	12	50	2	[]
871	28	106	4	[12.914269858368257]
872	26	18	3	[20.14078375716745]
873	20	43	1	[]
874	1	1	3	[20.324857056465373]
875	4	71	3	[20.39041791918167]
876	3	85	5	[20.148642826231487,10.074321413115744]
877	9	54	1	[]
878	26	24	4	[15.277191353523445]
879	26	33	2	[]
880	14	44	6	[19.408827374775125,9.704413687387563,13.975243935201963]
881	14	115	6	[19.35248837196774,9.67624418598387,15.65460065794668]
882	6	88	1	[]
883	21	82	3	[20.175294082916782]
884	7	60	4	[15.536099802045493]
885	29	34	1	[]
886	21	94	6	[19.71638380250179,9.858191901250896,16.40277722910645]
887	3	103	4	[16.031340212789516]
888	13	95	3	[19.58479401435524]
889	12	6	6	[19.580144766662116,9.790072383331058,14.581930473614236]
890	13	107	1	[]
891	9	85	6	[20.033572195546665,10.016786097773332,13.001247272743214]
892	14	18	4	[15.10897100180283]
893	16	76	3	[19.856679062408407]
894	18	92	4	[14.86837101409224]
895	22	24	5	[20.377698918342045,10.188849459171022]
896	14	99	3	[19.02253308839757]
897	9	105	1	[]
898	28	19	4	[13.432083343562976]
899	17	91	4	[13.025436241823106]
900	27	92	4	[15.95707646443852]
901	11	79	3	[20.1036076463132]
902	8	29	2	[]
903	29	71	2	[]
904	34	6	1	[]
905	2	122	2	[]
906	30	69	4	[16.0457708218291]
907	25	18	6	[20.308667064326727,10.154333532163363,16.476964516982562]
908	16	33	4	[14.264457062829182]
909	22	88	3	[20.19750361087439]
910	9	57	1	[]
911	16	115	5	[20.245087583892662,10.122543791946331]
912	19	64	2	[]
913	12	18	6	[21.347055553595343,10.673527776797672,14.901719405439698]
914	27	44	6	[20.15136247107741,10.075681235538704,14.237526622122605]
915	20	91	6	[20.544768867331214,10.272384433665607,16.249790215043255]
916	14	25	6	[20.5896438037964,10.2948219018982,14.661394403864346]
917	11	119	3	[19.89415289555582]
918	10	31	5	[19.743297294734433,9.871648647367216]
919	14	37	1	[]
920	21	34	5	[20.01472479575496,10.00736239787748]
921	23	103	6	[19.91857862662446,9.95928931331223,13.833628144320757]
922	14	55	4	[14.023811323259098]
923	17	36	4	[15.17793670706441]
924	27	15	6	[20.548661262132484,10.274330631066242,16.234461622417403]
925	4	38	4	[13.911475608998863]
926	17	0	3	[20.21628527539148]
927	20	127	5	[19.73161399441259,9.865806997206295]
928	2	91	4	[15.262833627003173]
929	26	3	6	[20.51602463175848,10.25801231587924,16.11006317786569]
930	34	54	2	[]
931	32	114	6	[20.755766522411562,10.377883261205781,15.06941313688582]
932	16	51	5	[19.91499550213778,9.95749775106889]
933	1	49	1	[]
934	3	33	3	[20.307987088710057]
935	26	23	3	[19.47230016357663]
936	22	23	6	[19.393193274271123,9.696596637135562,14.986040890424817]
937	16	76	2	[]
938	32	61	5	[19.31322418847139,9.656612094235696]
939	10	33	5	[20.409801752245606,10.204900876122803]
940	17	45	6	[20.265915213329905,10.132957606664952,15.014631443346282]
941	22	79	6	[20.217492758678564,10.108746379339282,17.716393990568708]
942	5	35	3	[19.435627595626464]
943	27	90	5	[19.386903952239663,9.693451976119832]
944	33	128	6	[20.619819976383173,10.309909988191587,15.696031638962179]
945	33	0	6	[19.55462337576905,9.777311687884525,15.645019169352615]
946	5	86	5	[19.863328610487432,9.931664305243716]
947	3	107	1	[]
948	30	71	1	[]
949	3	69	1	[]
950	6	3	1	[]
951	11	9	3	[19.792157988488782]
952	32	80	6	[20.811227027721678,10.405613513860839,16.291730310785745]
953	24	81	2	[]
954	2	2	6	[19.99831009036107,9.999155045180535,16.152600274015313]
955	2	106	6	[19.745267564525133,9.872633782262566,15.036820739929025]
956	24	19	3	[19.78594217242477]
957	18	11	2	[]
958	14	36	5	[19.275044806677105,9.637522403338552]
959	18	125	6	[20.42002439452772,10.21001219726386,14.778133586902573]
960	28	35	5	[20.724249662057396,10.362124831028698]
961	26	108	5	[19.961538275335077,9.980769137667538]
962	18	104	2	[]
963	18	16	6	[19.257956413712943,9.628978206856472,15.19817302703749]
964	2	29	4	[16.63020371164956]
965	1	66	1	[]
966	32	7	2	[]
967	30	14	3	[20.260437430023472]
968	12	107	3	[19.040741937346528]
969	33	55	2	[]
970	10	45	4	[14.967924409404057]
971	19	125	1	[]
972	29	115	6	[21.17031434881374,10.58515717440687,14.127045769920244]
973	27	93	5	[19.950634262412326,9.975317131206163]
974	1	20	4	[14.178497165321934]
975	29	111	3	[20.509413465027084]
976	21	95	1	[]
977	19	59	5	[19.5901121704084,9.7950560852042]
978	32	81	6	[19.369635935485423,9.684817967742712,14.33394196302854]
979	17	42	5	[19.79195472772524,9.89597736386262]
980	21	47	5	[20.36208931944672,10.18104465972336]
981	2	61	2	[]
982	23	48	6	[20.132852136328633,10.066426068164317,14.444892023552866]
983	31	77	5	[19.45447196251703,9.727235981258515]
984	9	81	2	[]
985	28	89	1	[]
986	31	22	3	[19.71941171607277]
987	16	4	5	[20.135718984601137,10.067859492300569]
988	7	44	3	[19.58099530254449]
989	18	37	2	[]
990	21	3	6	[19.611267604248436,9.805633802124218,14.640023066585577]
991	26	57	1	[]
992	4	70	1	[]
993	6	23	5	[19.416029938073354,9.708014969036677]
994	16	32	3	[19.19783918757867]
995	8	112	6	[20.653991148382115,10.326995574191058,15.82482135115223]
996	25	14	4	[13.154983179945212]
997	2	0	3	[19.682372501786205]
998	31	127	6	[19.709330076688733,9.854665038344367,16.35477460462409]
999	20	27	6	[19.830187015779792,9.915093507889896,15.627307966709727]
