0	14	42	1	[]
1	12	10	5	[19.697327803517606,9.848663901758803]
2	5	11	6	[20.051464288990235,10.025732144495118,15.603896666479434]
3	17	7	1	[]
4	16	29	3	[19.75320331305731]
5	8	48	5	[20.87451797801443,10.437258989007216]
6	18	41	4	[14.586733557379782]
7	6	56	3	[20.03225312459885]
8	13	62	6	[19.861756177015444,9.930878088507722,14.859379965026182]
9	2	71	5	[19.64850444235491,9.824252221177455]
10	11	45	5	[19.634887548960606,9.817443774480303]
11	17	66	3	[20.577636545284946]
12	13	27	6	[20.991461286076067,10.495730643038033,14.427913439932524]
13	4	11	6	[19.764276412646865,9.882138206323432,15.350031578677406]
14	11	1	3	[19.90783410185336]
15	3	48	6	[20.66605429039704,10.33302714519852,13.98067287095098]
16	8	23	2	[]
17	5	25	1	[]
18	18	65	1	[]
19	13	9	5	[19.726138294202705,9.863069147101353]
20	13	42	2	[]
21	9	5	3	[19.931730066481236]
22	2	19	3	[19.691857644246152]
23	18	14	5	[20.392002533842472,10.196001266921236]
24	7	46	6	[19.439687252464314,9.719843626232157,16.194397306629067]
25	4	58	1	[]
26	17	38	1	[]
27	20	23	1	[]
28	14	69	3	[20.6595724414427]
29	3	1	6	[20.511533944778016,10.255766972389008,15.370554447659131]
30	7	7	2	[]
31	3	38	3	[20.690161330108733]
32	10	16	1	[]
33	6	27	4	[15.195702076411392]
34	8	68	6	[19.563414355741344,9.781707177870672,14.66120395857448]
35	6	47	3	[19.87468461233022]
36	10	70	3	[20.4501740652033]
37	4	27	4	[14.420578290864077]
38	20	16	5	[20.153705507765455,10.076852753882727]
39	7	55	2	[]
40	9	24	4	[15.70734952038149]
41	6	44	2	[]
42	2	44	1	[]
43	9	65	2	[]
44	20	10	4	[15.098734383637796]
45	7	47	1	[]
46	8	71	4	[14.155388942150342]
47	2	14	5	[20.949079955543706,10.474539977771853]
48	15	21	2	[]
49	6	48	3	[19.57668451691771]
50	15	24	5	[20.128414475268855,10.064207237634427]
51	19	21	1	[]
52	4	48	4	[14.617330872539295]
53	11	24	2	[]
54	5	46	3	[20.169396238034118]
55	18	58	1	[]
56	7	47	3	[20.997732514150826]
57	12	11	1	[]
58	15	9	5	[20.271452150851143,10.135726075425572]
59	18	58	5	[19.824118821089765,9.912059410544883]
60	14	5	3	[19.254218285220013]
61	10	71	6	[20.316718473557426,10.158359236778713,14.290412777532776]
62	10	9	3	[19.622128692977096]
63	13	61	1	[]
64	6	54	6	[19.45559478420981,9.727797392104906,16.04429357844121]
65	17	26	6	[19.54451356607694,9.77225678303847,12.97902199614329]
66	2	53	2	[]
67	10	31	2	[]
68	14	1	4	[14.662898371191963]
69	9	56	1	[]
70	14	54	2	[]
71	10	49	4	[16.26319532502179]
72	8	43	2	[]
73	8	44	6	[20.55025166607416,10.27512583303708,15.203231675220083]
74	12	36	2	[]
75	21	23	6	[20.38706246296729,10.193531231483645,16.046945315075497]
76	9	45	2	[]
77	15	11	3	[20.259579802663524]
78	19	47	4	[13.981683968276059]
79	9	46	2	[]
80	19	63	2	[]
81	14	13	2	[]
82	8	32	6	[19.674111767261046,9.837055883630523,16.07264253831787]
83	19	17	3	[20.023657432194796]
84	11	39	3	[19.69428363022955]
85	21	69	2	[]
86	21	39	4	[15.726112656740769]
87	20	12	6	[19.498688911094753,9.749344455547376,14.91980018712906]
88	7	0	2	[]
89	13	34	4	[16.069853950084887]
90	1	29	6	[19.655106455141215,9.827553227570608,16.454991281933047]
91	13	42	6	[20.45343048520074,10.22671524260037,14.698348816680689]
92	4	18	6	[19.967500185885463,9.983750092942731,14.271578377638813]
93	7	63	4	[14.639506504973241]
94	11	56	6	[20.82339688797332,10.41169844398666,13.3883765862324]
95	21	41	2	[]
96	19	39	3	[20.310437069474126]
97	13	38	2	[]
98	3	62	2	[]
99	18	20	2	[]
100	17	63	2	[]
101	12	31	4	[16.044192201657786]
102	14	63	4	[14.393007566646242]
103	2	45	1	[]
104	1	17	1	[]
105	9	12	3	[20.21018036102889]
106	10	60	4	[16.337823465795303]
107	16	70	5	[20.190854061294367,10.095427030647183]
108	8	58	2	[]
109	6	69	6	[19.22861491987838,9.61430745993919,14.487593659174705]
110	8	54	5	[20.028227493425113,10.014113746712557]
111	9	15	3	[20.19811279981741]
112	21	53	1	[]
113	6	39	1	[]
114	21	71	4	[14.619535683081722]
115	21	49	4	[15.358698057977765]
116	18	19	5	[19.1448789040409,9.57243945202045]
117	8	33	1	[]
118	3	47	4	[15.330149036043284]
119	8	48	4	[15.71597312100862]
120	8	19	1	[]
121	18	49	5	[20.44832133079573,10.224160665397864]
122	11	18	6	[20.377133287506332,10.188566643753166,14.841616752519403]
123	15	58	5	[20.225495967033446,10.112747983516723]
124	12	17	4	[15.321442296972682]
125	12	67	1	[]
126	6	53	2	[]
127	8	69	6	[20.57069661269212,10.28534830634606,14.575091645804198]
128	18	62	3	[19.09736546720674]
129	2	1	2	[]
130	17	66	1	[]
131	1	28	3	[19.568780306988593]
132	11	29	5	[19.943172648643337,9.971586324321668]
133	9	15	6	[20.125127430788396,10.062563715394198,14.418229533905754]
134	7	42	1	[]
135	14	18	6	[19.653282392405284,9.826641196202642,13.430929059467275]
136	1	69	1	[]
137	20	17	6	[19.890399485946517,9.945199742973259,15.812880048456035]
138	5	58	3	[20.134034773952173]
139	5	63	3	[20.34827589208502]
140	3	29	1	[]
141	11	7	2	[]
142	11	58	1	[]
143	12	25	1	[]
144	5	60	2	[]
145	9	23	4	[15.79575271918155]
146	17	38	5	[19.82201657127562,9.91100828563781]
147	12	53	5	[20.12434492971612,10.06217246485806]
148	16	43	2	[]
149	8	38	1	[]
150	4	64	5	[19.454328333345607,9.727164166672804]
151	18	22	2	[]
152	10	68	5	[20.63122364132851,10.315611820664255]
153	14	66	3	[19.06313338178234]
154	2	33	5	[19.35352515093614,9.67676257546807]
155	13	45	5	[20.395329389906998,10.197664694953499]
156	18	9	1	[]
157	12	12	2	[]
158	4	57	3	[19.830298968661925]
159	3	2	5	[20.30486099936685,10.152430499683424]
160	6	8	4	[15.38490308805261]
161	17	18	3	[19.890431111035202]
162	19	65	1	[]
163	8	7	4	[11.663562306762856]
164	13	58	4	[14.745180942288753]
165	14	27	5	[19.817082960813412,9.908541480406706]
166	3	46	2	[]
167	16	15	3	[19.464766952331992]
168	19	44	5	[19.366773686550836,9.683386843275418]
169	5	35	4	[14.266096914261748]
170	6	36	1	[]
171	20	23	5	[19.428252315192086,9.714126157596043]
172	20	45	1	[]
173	11	15	5	[20.62879598631367,10.314397993156835]
174	12	40	1	[]
175	11	33	1	[]
176	20	33	3	[19.578853998547594]
177	20	69	1	[]
178	8	12	1	[]
179	8	68	6	[19.783011873244376,9.891505936622188,14.943771286344965]
180	3	11	2	[]
181	5	14	2	[]
182	4	68	3	[19.833422131609876]
183	10	51	1	[]
184	3	13	2	[]
185	3	58	6	[19.853535018713696,9.926767509356848,16.13616345996121]
186	19	11	6	[20.20380253810172,10.10190126905086,14.907581005043506]
187	1	11	1	[]
188	9	38	4	[16.606150844209115]
189	14	21	1	[]
190	5	39	4	[16.12073964837038]
191	15	66	1	[]
192	2	16	6	[20.778454764622328,10.389227382311164,16.726469530640887]
193	11	67	6	[20.346920527744302,10.173460263872151,15.707526173626759]
194	10	41	6	[19.955517557690882,9.977758778845441,17.388935012057438]
195	19	18	1	[]
196	9	3	5	[19.89813514641939,9.949067573209694]
197	12	26	5	[19.62892171452141,9.814460857260705]
198	21	63	5	[20.13691700900979,10.068458504504894]
199	4	56	6	[19.409057359556144,9.704528679778072,15.348982789492128]
200	1	31	4	[14.92457464678242]
201	11	45	3	[20.666930732807007]
202	15	27	6	[20.203498745067854,10.101749372533927,13.471039651531166]
203	21	37	1	[]
204	5	13	3	[20.00437024891615]
205	11	17	6	[20.574647020008207,10.287323510004104,14.70515363555102]
206	3	40	2	[]
207	21	2	2	[]
208	16	5	5	[20.246443614695014,10.123221807347507]
209	5	4	3	[19.968946564665515]
210	4	47	1	[]
211	7	6	2	[]
212	14	29	2	[]
213	20	61	3	[20.216794175930055]
214	19	10	6	[20.408786145748486,10.204393072874243,14.70126222977526]
215	10	51	6	[20.333457337937354,10.166728668968677,15.048656276887248]
216	2	24	5	[20.151163632771215,10.075581816385608]
217	4	23	6	[19.48238849865243,9.741194249326215,16.036374794160906]
218	2	20	1	[]
219	16	52	6	[19.71130439517799,9.855652197588995,16.07040540251812]
220	13	65	6	[19.27130788751614,9.63565394375807,13.893864549601378]
221	2	9	1	[]
222	6	65	1	[]
223	14	38	2	[]
224	20	71	6	[19.010593753883153,9.505296876941577,14.633394710170931]
225	4	70	1	[]
226	3	58	3	[20.10153097936273]
227	1	31	4	[13.644043467120746]
228	16	45	2	[]
229	5	61	2	[]
230	10	39	1	[]
231	15	18	6	[20.260444218359762,10.130222109179881,13.545422880584338]
232	17	14	4	[14.778487649037464]
233	15	34	1	[]
234	7	71	5	[19.487628141844734,9.743814070922367]
235	14	46	4	[13.86183045050614]
236	13	37	6	[19.76452822208924,9.88226411104462,14.614866781268319]
237	4	7	3	[19.740233776512117]
238	4	18	3	[20.347037789396246]
239	7	8	6	[19.94876699297134,9.97438349648567,15.033260132236169]
240	17	28	5	[19.853606043402184,9.926803021701092]
241	1	25	4	[14.259805360984519]
242	2	33	5	[19.489042424248705,9.744521212124353]
243	9	65	6	[18.916207948958366,9.458103974479183,16.323155337562675]
244	16	37	2	[]
245	4	63	5	[19.774801378390258,9.887400689195129]
246	6	70	1	[]
247	10	13	6	[20.489290197870314,10.244645098935157,14.82891187362519]
248	16	1	1	[]
249	19	33	2	[]
250	5	66	6	[20.07657066079768,10.03828533039884,14.340430168367861]
251	21	14	3	[20.337613132515774]
252	15	29	3	[20.17181490035253]
253	1	30	5	[20.46887323972849,10.234436619864246]
254	21	54	3	[20.188970969364288]
255	2	63	4	[14.949870276238117]
256	12	53	2	[]
257	6	44	4	[14.907085728012936]
258	10	27	5	[20.348856451851265,10.174428225925633]
259	20	47	4	[13.92907851672984]
260	17	10	1	[]
261	10	7	3	[20.28994709656167]
262	7	55	1	[]
263	11	37	5	[19.646160481795967,9.823080240897983]
264	20	61	1	[]
265	20	34	3	[20.078666601930173]
266	11	71	6	[20.041373116280898,10.020686558140449,14.713959553085202]
267	5	39	4	[14.205640965381171]
268	3	22	5	[20.022318796218,10.011159398109]
269	3	29	2	[]
270	19	69	1	[]
271	4	28	2	[]
272	5	25	3	[19.930881607863256]
273	11	41	3	[19.93237450064138]
274	14	18	1	[]
275	19	19	2	[]
276	16	29	4	[16.178672463620167]
277	12	56	2	[]
278	4	25	3	[19.914236493745562]
279	10	45	6	[20.250384784263453,10.125192392131726,14.545727992768489]
280	11	16	5	[20.09166327275499,10.045831636377494]
281	8	49	3	[20.566104196925217]
282	15	16	2	[]
283	2	28	1	[]
284	9	40	6	[19.334028055056663,9.667014027528332,15.910450231758862]
285	17	65	3	[19.390443227668968]
286	5	55	2	[]
287	9	57	6	[20.896728730314997,10.448364365157499,13.095459567946326]
288	21	70	5	[19.296836727112492,9.648418363556246]
289	15	26	4	[14.206049359414667]
290	19	44	4	[13.761730706805084]
291	1	39	1	[]
292	20	68	3	[20.065500234819837]
293	12	40	2	[]
294	8	31	2	[]
295	9	68	3	[19.681170911601722]
296	14	23	6	[19.949165021510517,9.974582510755258,15.387574086772807]
297	20	46	1	[]
298	3	34	3	[19.493739241936016]
299	13	70	4	[12.737005777198924]
300	7	30	6	[20.94572009835143,10.472860049175715,15.667744690965376]
301	8	6	6	[20.82569399772975,10.412846998864875,15.11776373324533]
302	2	19	1	[]
303	14	29	6	[19.677413087639316,9.838706543819658,15.738069088052741]
304	15	9	5	[19.154942683616046,9.577471341808023]
305	14	0	4	[15.603387922388665]
306	18	20	5	[20.308765653274726,10.154382826637363]
307	3	20	2	[]
308	16	33	3	[20.7068329698598]
309	1	17	4	[14.49148717420374]
310	8	8	6	[20.654304091431616,10.327152045715808,15.805948380441686]
311	6	60	3	[19.623982551368695]
312	1	71	3	[20.232683337977363]
313	16	63	3	[19.46555272225327]
314	3	3	1	[]
315	8	67	2	[]
316	19	41	3	[20.316000386435775]
317	20	14	1	[]
318	7	32	1	[]
319	1	51	6	[19.88074950802122,9.94037475401061,14.02178369784634]
320	10	48	5	[20.148322895639957,10.074161447819979]
321	15	17	5	[20.37632514291256,10.18816257145628]
322	13	47	3	[19.991176268245777]
323	6	48	2	[]
324	18	21	1	[]
325	11	41	1	[]
326	1	62	2	[]
327	4	28	3	[19.00833431535001]
328	13	68	5	[19.757679635859777,9.878839817929888]
329	10	41	1	[]
330	13	55	6	[20.626991857040736,10.313495928520368,15.119762369014373]
331	16	13	1	[]
332	18	6	2	[]
333	4	43	2	[]
334	1	26	1	[]
335	19	37	3	[20.234914970094678]
336	16	26	4	[15.218522043584523]
337	5	61	1	[]
338	10	54	5	[20.165689279882056,10.082844639941028]
339	21	39	4	[15.479198249399388]
340	11	6	4	[15.647192302986745]
341	13	16	2	[]
342	15	47	4	[15.150758446337761]
343	19	64	6	[20.05361485859525,10.026807429297625,14.584147029773728]
344	20	17	3	[20.345458920693705]
345	1	8	5	[20.08793406446913,10.043967032234566]
346	9	1	3	[19.961628345417456]
347	18	35	1	[]
348	13	51	2	[]
349	18	15	2	[]
350	5	39	3	[19.92176142604563]
351	15	50	6	[19.92014241746818,9.96007120873409,16.439909908500006]
352	19	57	3	[20.1954728987189]
353	11	25	2	[]
354	18	51	1	[]
355	14	65	5	[20.632947185650988,10.316473592825494]
356	20	32	2	[]
357	13	55	1	[]
358	17	17	4	[15.252488239357735]
359	21	13	2	[]
360	16	58	4	[14.58928950195233]
361	13	57	2	[]
362	9	27	3	[21.13854695433378]
363	19	68	2	[]
364	17	50	5	[19.443501169593496,9.721750584796748]
365	17	53	6	[20.124572368639406,10.062286184319703,13.976444955788793]
366	14	36	6	[19.760781613579073,9.880390806789537,14.116005829148225]
367	14	10	6	[21.144985698559882,10.572492849279941,14.608906801077891]
368	9	25	4	[15.380814206980627]
369	14	42	5	[19.759033006298694,9.879516503149347]
370	9	47	4	[13.848219006994324]
371	19	47	5	[18.744756830968875,9.372378415484437]
372	15	54	3	[20.319168429242826]
373	7	69	1	[]
374	20	49	1	[]
375	3	55	6	[19.832690630735566,9.916345315367783,14.106547630878698]
376	10	40	3	[19.90464953433962]
377	7	24	5	[19.941170971129797,9.970585485564898]
378	8	7	1	[]
379	17	29	6	[20.418745225967513,10.209372612983756,14.57633018971441]
380	16	61	4	[14.706440995674196]
381	12	36	2	[]
382	3	33	2	[]
383	15	47	2	[]
384	21	3	3	[19.92217452925173]
385	3	40	5	[20.212941054369974,10.106470527184987]
386	17	13	3	[20.070165164248387]
387	18	10	5	[20.616500762595752,10.308250381297876]
388	9	9	1	[]
389	7	65	3	[19.148717328633126]
390	12	27	5	[20.77050275485512,10.38525137742756]
391	7	31	5	[19.361747045973058,9.680873522986529]
392	19	11	6	[19.842770062980133,9.921385031490066,13.386708813067834]
393	20	37	1	[]
394	18	41	3	[19.50365674918327]
395	16	4	6	[20.08976289226127,10.044881446130635,14.363475033766237]
396	12	45	2	[]
397	11	3	1	[]
398	18	56	5	[20.75907879703099,10.379539398515496]
399	1	71	4	[13.942522378812157]
400	21	14	4	[15.219090056355801]
401	12	53	6	[20.42695488035712,10.21347744017856,14.83910923576063]
402	12	46	2	[]
403	5	2	1	[]
404	6	71	5	[20.006506870367684,10.003253435183842]
405	12	57	3	[20.04840187533458]
406	21	49	2	[]
407	9	34	5	[20.002651625479373,10.001325812739687]
408	18	30	5	[19.6346189106691,9.81730945533455]
409	17	18	1	[]
410	6	4	2	[]
411	12	60	1	[]
412	6	64	2	[]
413	20	66	5	[19.658103239355018,9.829051619677509]
414	16	64	4	[15.16699782973546]
415	1	58	5	[20.078123576889432,10.039061788444716]
416	13	57	4	[15.665954455907784]
417	1	33	1	[]
418	2	26	4	[15.276467668336045]
419	17	9	6	[20.318092322817332,10.159046161408666,14.398765063892572]
420	21	18	1	[]
421	20	6	4	[16.398079461534245]
422	21	62	6	[20.546186124237163,10.273093062118582,16.161808391408112]
423	19	61	3	[19.617398548018844]
424	3	40	6	[19.189561976690587,9.594780988345294,16.518997229506304]
425	7	17	2	[]
426	3	19	5	[19.64443100490306,9.82221550245153]
427	6	6	3	[20.78071275242269]
428	20	68	4	[13.851402641817359]
429	11	49	1	[]
430	17	5	3	[20.234915248206455]
431	11	61	1	[]
432	19	5	1	[]
433	9	8	4	[13.630564413598478]
434	15	17	3	[20.294590267057707]
435	8	58	6	[19.54687568339416,9.77343784169708,14.18160169343886]
436	20	64	3	[19.47629785475636]
437	18	33	6	[18.81076170378492,9.40538085189246,14.434203345475746]
438	3	57	3	[19.121582046146667]
439	11	60	6	[19.81282162400043,9.906410812000216,15.76901066136701]
440	6	16	1	[]
441	10	70	4	[14.548065257397186]
442	15	15	4	[13.782651554597415]
443	19	59	6	[19.503354193420982,9.751677096710491,15.995663948437961]
444	18	56	6	[19.6005679162614,9.8002839581307,16.028011927807807]
445	16	46	3	[20.01708539432397]
446	20	71	4	[15.451752689030066]
447	16	14	6	[20.08185316733281,10.040926583666405,12.16990741255549]
448	10	24	5	[20.672754520124414,10.336377260062207]
449	3	45	4	[13.671809557298738]
450	10	16	4	[13.510541887749735]
451	19	19	3	[20.302902026388498]
452	5	34	2	[]
453	6	8	4	[14.658118875458847]
454	11	18	6	[19.540652512393198,9.770326256196599,14.075852331992543]
455	10	40	1	[]
456	8	36	1	[]
457	8	21	5	[20.672749568964434,10.336374784482217]
458	6	23	4	[16.314940866781935]
459	9	23	6	[19.53334804668184,9.76667402334092,15.252216852164464]
460	12	47	5	[18.865400627877396,9.432700313938698]
461	8	20	3	[20.36188274170761]
462	7	5	4	[17.437170437856185]
463	9	36	4	[13.540001856383997]
464	18	55	5	[20.11911013586763,10.059555067933815]
465	18	27	3	[20.073232737799906]
466	17	60	2	[]
467	2	36	6	[19.294695011068665,9.647347505534333,15.473618987644608]
468	3	30	5	[19.99080137251755,9.995400686258774]
469	19	69	2	[]
470	7	60	2	[]
471	18	29	5	[19.726509247064286,9.863254623532143]
472	18	5	5	[20.192278267842166,10.096139133921083]
473	8	27	4	[14.372544694409338]
474	10	66	6	[19.646894283561764,9.823447141780882,15.360846742761447]
475	2	69	1	[]
476	15	70	6	[21.535384036285112,10.767692018142556,14.593391072024612]
477	21	15	1	[]
478	14	20	2	[]
479	18	43	1	[]
480	17	20	1	[]
481	19	60	3	[20.033954762517638]
482	7	34	4	[15.528936808238543]
483	21	18	1	[]
484	7	58	4	[16.242518708429284]
485	9	23	1	[]
486	11	52	2	[]
487	16	20	1	[]
488	5	33	4	[14.951480790510937]
489	11	11	4	[16.067307017364154]
490	3	48	6	[19.846056397391795,9.923028198695897,16.952693491138252]
491	3	50	6	[19.96552303443181,9.982761517215906,17.2158176470914]
492	10	49	5	[19.253573672235834,9.626786836117917]
493	10	43	5	[19.684094591822717,9.842047295911359]
494	17	36	6	[20.633675333622854,10.316837666811427,15.803021315149921]
495	15	67	1	[]
496	20	61	4	[16.65938755939548]
497	16	46	2	[]
498	6	7	6	[19.37686209853338,9.68843104926669,15.014313653342084]
499	8	6	2	[]
500	4	17	6	[19.91921220216136,9.95960610108068,15.758466977045769]
501	7	7	1	[]
502	16	56	6	[21.143336751938936,10.571668375969468,14.211888579629061]
503	11	28	2	[]
504	19	37	2	[]
505	11	2	3	[19.140178082938213]
506	20	51	6	[20.212216776640243,10.106108388320122,14.20348061535985]
507	4	17	3	[20.04693435171452]
508	8	0	1	[]
509	11	60	1	[]
510	14	31	1	[]
511	7	29	4	[15.267559293535292]
512	16	68	3	[19.587400611961893]
513	19	48	6	[20.053390260709783,10.026695130354891,14.249963849654232]
514	2	70	2	[]
515	15	5	1	[]
516	15	18	5	[20.00812175257538,10.00406087628769]
517	6	59	6	[19.61802653311271,9.809013266556356,17.01402539221543]
518	21	31	2	[]
519	10	24	3	[20.992168401742095]
520	4	51	4	[17.230053695574927]
521	16	16	4	[12.979759447995463]
522	1	70	6	[20.048550933020852,10.024275466510426,14.316359312231416]
523	2	50	6	[19.93608435959286,9.96804217979643,13.264602668968857]
524	14	11	2	[]
525	18	30	3	[19.58107572217685]
526	8	5	4	[15.673750446186913]
527	15	24	5	[20.20879695182309,10.104398475911545]
528	14	26	5	[20.266786485014237,10.133393242507118]
529	21	70	6	[20.831631293562918,10.415815646781459,12.647648154707507]
530	3	5	6	[19.70413899520973,9.852069497604864,16.552791162862388]
531	12	10	5	[19.62513016845934,9.81256508422967]
532	9	39	2	[]
533	4	6	4	[16.165067293679595]
534	18	3	6	[20.062663944069403,10.031331972034701,15.954492752720512]
535	16	20	6	[19.66912743538813,9.834563717694065,14.087310584939754]
536	7	70	6	[21.158774939559244,10.579387469779622,16.31716577844618]
537	16	31	6	[19.703362151780237,9.851681075890118,15.19736075164226]
538	1	7	2	[]
539	5	39	2	[]
540	3	64	1	[]
541	12	14	3	[20.073447170618724]
542	12	71	4	[15.796529045135262]
543	12	36	2	[]
544	15	30	2	[]
545	12	7	6	[19.697249298606977,9.848624649303488,16.938734611552462]
546	19	43	2	[]
547	14	7	1	[]
548	1	40	3	[20.631320371734457]
549	19	17	3	[20.878360313476552]
550	11	59	4	[15.596060107807759]
551	13	11	6	[20.11467467921315,10.057337339606574,13.833531586832118]
552	9	6	2	[]
553	18	70	3	[19.772007887378916]
554	17	50	2	[]
555	16	64	2	[]
556	10	32	5	[20.113145722251637,10.056572861125819]
557	12	11	5	[19.269211336008972,9.634605668004486]
558	8	65	1	[]
559	12	39	5	[18.871001792658067,9.435500896329033]
560	12	38	1	[]
561	8	63	6	[20.740505841655636,10.370252920827818,13.903612440033296]
562	12	26	2	[]
563	2	16	5	[19.91449693162224,9.95724846581112]
564	2	61	3	[19.910319038456578]
565	9	54	2	[]
566	18	45	5	[20.521093603198835,10.260546801599418]
567	18	41	3	[19.60747239619269]
568	19	41	4	[14.399380527283574]
569	15	26	2	[]
570	21	50	5	[20.01001896991448,10.00500948495724]
571	21	38	1	[]
572	2	57	4	[15.551777417365765]
573	4	0	6	[19.37228643716866,9.68614321858433,17.185654993061164]
574	11	9	3	[20.91110222849359]
575	19	64	5	[19.99684296641244,9.99842148320622]
576	3	63	3	[19.219447977914992]
577	15	5	1	[]
578	19	61	6	[19.13547956655788,9.56773978327894,15.13784912662179]
579	3	23	6	[20.314911456930687,10.157455728465344,14.47006401736836]
580	12	55	4	[14.619845950266896]
581	15	28	6	[20.410170688844467,10.205085344422233,13.499078936483093]
582	6	69	5	[19.94071092019831,9.970355460099155]
583	13	51	5	[19.790100300702097,9.895050150351048]
584	2	16	5	[20.263021237153872,10.131510618576936]
585	18	16	6	[19.8525000561189,9.92625002805945,15.798527422633601]
586	20	44	1	[]
587	12	30	4	[14.91975607431703]
588	2	1	3	[20.632456406544136]
589	19	38	2	[]
590	20	64	1	[]
591	14	35	2	[]
592	13	34	5	[19.97613785554377,9.988068927771884]
593	20	60	4	[14.326305673015638]
594	1	64	1	[]
595	13	70	5	[20.349407432451958,10.174703716225979]
596	17	36	4	[14.977292079296449]
597	8	41	6	[20.70313850742437,10.351569253712185,14.977138542489815]
598	2	67	6	[20.135579860314486,10.067789930157243,14.672653316230589]
599	11	40	5	[20.034799642013834,10.017399821006917]
600	5	31	1	[]
601	3	40	1	[]
602	20	30	1	[]
603	2	68	4	[16.603267983344406]
604	11	21	6	[20.6919328852502,10.3459664426251,16.36021949018547]
605	17	21	4	[14.501243195892464]
606	6	40	5	[20.618571604540403,10.309285802270201]
607	13	0	4	[16.558828859571708]
608	13	15	6	[20.428008889314853,10.214004444657427,14.334623478693551]
609	21	10	5	[19.97584944025698,9.98792472012849]
610	2	25	6	[19.8070700751939,9.90353503759695,15.662305219924951]
611	7	50	6	[20.25707476745816,10.12853738372908,13.683991522607974]
612	1	66	6	[19.215630764823974,9.607815382411987,17.2425079849057]
613	11	67	2	[]
614	19	39	2	[]
615	10	59	4	[15.427786640974983]
616	2	66	1	[]
617	2	26	2	[]
618	3	22	5	[19.643291425407654,9.821645712703827]
619	18	53	6	[19.759770941115416,9.879885470557708,14.61315220260057]
620	3	34	2	[]
621	11	31	4	[14.722204269439183]
622	9	50	6	[19.64567264180052,9.82283632090026,16.612159076646964]
623	7	32	1	[]
624	19	15	5	[19.83161224805624,9.91580612402812]
625	4	27	5	[20.656051584071456,10.328025792035728]
626	1	48	6	[19.350286079379806,9.675143039689903,14.614464101329412]
627	4	3	1	[]
628	7	38	3	[19.529674926563377]
629	5	62	3	[21.14816189422437]
630	18	7	4	[15.78343202615233]
631	3	43	4	[15.758528911916308]
632	17	51	4	[15.137956665452085]
633	3	3	6	[19.698097474168097,9.849048737084049,13.907986558863659]
634	15	43	4	[16.13983061540326]
635	19	3	1	[]
636	7	45	6	[19.577394299082783,9.788697149541392,15.450641003940499]
637	18	27	2	[]
638	6	9	5	[19.29486888411827,9.647434442059135]
639	4	38	1	[]
640	10	28	5	[19.90533466317493,9.952667331587465]
641	2	56	3	[20.376896289945492]
642	20	21	6	[19.716134832715476,9.858067416357738,14.602213811895426]
643	17	54	3	[19.906242005694676]
644	16	21	5	[20.20728885887746,10.10364442943873]
645	8	15	4	[16.378672542196796]
646	4	34	1	[]
647	20	25	4	[15.187011844643997]
648	20	25	1	[]
649	12	63	4	[14.432892645761465]
650	3	70	6	[20.055364731807558,10.027682365903779,16.403766623568472]
651	8	28	4	[15.359951590985254]
652	2	11	1	[]
653	8	63	1	[]
654	14	27	3	[20.221688578874573]
655	4	30	4	[15.918079181817719]
656	8	9	4	[13.82520054282683]
657	19	71	3	[20.222315024501327]
658	7	42	5	[20.252278232641437,10.126139116320719]
659	10	0	2	[]
660	19	11	3	[19.667992239146727]
661	15	56	4	[15.158055731792924]
662	5	66	3	[20.26423333443871]
663	5	32	6	[19.4561459884708,9.7280729942354,15.34158411622585]
664	6	18	2	[]
665	10	32	3	[19.30312537458495]
666	4	26	6	[20.336758357699456,10.168379178849728,16.17419113536676]
667	7	55	6	[20.555422014578586,10.277711007289293,14.914971366319104]
668	7	19	2	[]
669	8	39	5	[20.282536798897727,10.141268399448863]
670	15	4	6	[19.75066487097866,9.87533243548933,15.808840141019552]
671	12	1	2	[]
672	9	43	3	[19.00424650767973]
673	9	14	4	[15.749920998335643]
674	8	18	2	[]
675	6	17	5	[18.793558290794646,9.396779145397323]
676	5	4	1	[]
677	6	8	5	[20.33145108253689,10.165725541268445]
678	9	31	3	[19.332316876722192]
679	5	69	3	[19.00043362960936]
680	1	61	4	[14.70667927083284]
681	7	46	6	[20.25382062082076,10.12691031041038,14.297215189998726]
682	6	6	1	[]
683	14	33	5	[20.951565550211548,10.475782775105774]
684	18	54	4	[15.473734999046867]
685	14	39	1	[]
686	7	17	2	[]
687	8	46	3	[20.229702019501236]
688	15	20	6	[20.10138880589825,10.050694402949125,16.16260422402587]
689	19	12	4	[15.691534188602743]
690	7	50	4	[14.933886296546403]
691	3	32	4	[14.691616763660159]
692	19	45	4	[13.267962294714874]
693	1	44	6	[20.214416213888725,10.107208106944363,15.093505456855063]
694	8	56	6	[19.691226819081347,9.845613409540674,14.688514174231678]
695	21	45	3	[19.76101187093735]
696	5	2	4	[14.04192843134608]
697	18	62	5	[20.883812947548638,10.441906473774319]
698	16	38	2	[]
699	1	30	5	[20.140211499635733,10.070105749817866]
700	4	34	5	[20.225466445427767,10.112733222713883]
701	17	14	4	[15.61430420632374]
702	11	7	5	[19.220481607364583,9.610240803682291]
703	18	19	5	[20.125162702159805,10.062581351079903]
704	16	4	1	[]
705	2	56	6	[19.773774671680613,9.886887335840306,15.938700693244254]
706	4	14	5	[20.490883085724114,10.245441542862057]
707	16	13	2	[]
708	15	46	6	[20.075574955196007,10.037787477598004,15.7816000308528]
709	13	60	6	[20.7104435925616,10.3552217962808,13.069542468203746]
710	21	69	1	[]
711	12	70	4	[13.889136470066349]
712	12	52	3	[19.938335375338347]
713	5	20	4	[14.152786502444872]
714	10	27	4	[15.32011971387432]
715	8	16	5	[19.718933314730815,9.859466657365408]
716	1	16	3	[19.135974391110796]
717	3	4	1	[]
718	8	13	2	[]
719	12	29	4	[17.014387711502977]
720	9	38	4	[15.321398077360886]
721	16	44	4	[14.976781270194827]
722	15	62	6	[20.395012810726335,10.197506405363168,15.54437805552367]
723	4	66	2	[]
724	6	22	2	[]
725	13	54	2	[]
726	4	36	6	[20.34157624050414,10.17078812025207,17.399562095519478]
727	13	35	5	[20.77471508795577,10.387357543977885]
728	8	56	3	[19.405709687528105]
729	21	33	2	[]
730	15	4	3	[19.94831790486907]
731	21	26	2	[]
732	11	5	4	[13.886477010184063]
733	10	33	5	[19.518670254079336,9.759335127039668]
734	5	50	1	[]
735	1	13	2	[]
736	11	25	5	[19.442891103427545,9.721445551713773]
737	8	60	2	[]
738	19	0	1	[]
739	1	33	5	[19.98279173322874,9.99139586661437]
740	21	43	3	[20.15598845307848]
741	14	48	6	[20.534158214429112,10.267079107214556,15.029547333581181]
742	13	13	1	[]
743	5	69	2	[]
744	19	43	5	[20.555501358620454,10.277750679310227]
745	16	64	5	[20.20267856695332,10.10133928347666]
746	17	9	3	[19.752765456662882]
747	8	22	3	[20.07426395264273]
748	8	23	6	[21.420847032924506,10.710423516462253,15.924241566001733]
749	12	14	3	[19.46763428533395]
750	18	12	5	[19.78650269407829,9.893251347039145]
751	7	28	6	[20.044309851632825,10.022154925816412,14.071393542752737]
752	4	13	4	[13.642101329898026]
753	14	15	3	[19.133562681207067]
754	4	19	3	[20.44002747154972]
755	6	2	3	[19.99220323247318]
756	10	5	5	[19.595829492349704,9.797914746174852]
757	13	22	1	[]
758	14	56	5	[20.742126223559122,10.371063111779561]
759	10	6	1	[]
760	4	45	2	[]
761	8	38	3	[20.123281024792153]
762	7	48	5	[19.698519742821798,9.849259871410899]
763	21	0	4	[15.951895243863499]
764	3	53	2	[]
765	2	62	1	[]
766	10	23	4	[16.703467553096814]
767	7	6	1	[]
768	5	14	4	[14.812780748480451]
769	11	18	2	[]
770	7	36	6	[20.23379854829397,10.116899274146984,14.837187375568513]
771	6	2	3	[20.32497064783259]
772	8	62	5	[20.164747357849215,10.082373678924608]
773	15	20	6	[19.567385902193404,9.783692951096702,12.491435018074325]
774	18	59	3	[20.75331997974625]
775	3	11	1	[]
776	12	63	3	[19.75983283146675]
777	9	69	4	[16.32202445878878]
778	6	32	6	[20.56986556984512,10.28493278492256,15.740330435190499]
779	4	42	1	[]
780	2	46	3	[20.478784111637975]
781	5	69	1	[]
782	19	51	2	[]
783	9	60	4	[14.838430510806663]
784	19	37	3	[20.447421313543735]
785	1	52	3	[19.668701919770278]
786	11	57	6	[21.130870703673306,10.565435351836653,15.233674491977455]
787	9	50	3	[20.198129968862155]
788	10	8	2	[]
789	2	15	3	[19.32159631081239]
790	12	57	5	[20.407654832029717,10.203827416014859]
791	16	37	2	[]
792	4	69	3	[20.098653981842475]
793	15	8	1	[]
794	2	0	2	[]
795	16	29	3	[20.967853437110797]
796	13	48	1	[]
797	16	20	1	[]
798	2	61	4	[15.549766861318197]
799	12	14	1	[]
800	11	39	5	[20.095705478246316,10.047852739123158]
801	11	15	6	[20.028959941549726,10.014479970774863,13.8268749716053]
802	20	46	2	[]
803	6	11	1	[]
804	15	64	1	[]
805	14	48	2	[]
806	3	71	1	[]
807	18	5	5	[19.552438639218337,9.776219319609169]
808	4	28	1	[]
809	18	15	4	[16.9443327503279]
810	3	63	6	[20.346328193904334,10.173164096952167,14.09958375329509]
811	3	14	6	[19.89660130615859,9.948300653079295,16.897721687130893]
812	6	58	4	[15.012397320707347]
813	7	16	2	[]
814	6	44	3	[19.824066245383015]
815	1	16	3	[19.873079981579806]
816	9	16	6	[19.68553720741944,9.84276860370972,14.995453034948977]
817	15	30	5	[19.918185912282926,9.959092956141463]
818	12	26	5	[19.953002991298117,9.976501495649059]
819	8	58	4	[14.807449098490887]
820	18	49	1	[]
821	13	33	4	[13.252640001708219]
822	9	62	2	[]
823	13	12	1	[]
824	6	5	3	[19.681543630355197]
825	16	29	2	[]
826	20	45	2	[]
827	1	68	2	[]
828	19	3	3	[19.330751120050024]
829	8	58	2	[]
830	3	54	3	[20.116757260426706]
831	8	30	2	[]
832	1	32	3	[20.06918671089326]
833	3	6	6	[19.67478320693903,9.837391603469515,16.118735083650567]
834	17	59	1	[]
835	11	69	2	[]
836	21	30	5	[20.158589290243988,10.079294645121994]
837	11	60	5	[19.590033006023724,9.795016503011862]
838	12	17	5	[20.033621940907206,10.016810970453603]
839	21	39	5	[19.97420761396794,9.98710380698397]
840	1	20	6	[20.25306178169467,10.126530890847334,13.808060573557215]
841	5	57	4	[14.824846879444124]
842	2	17	4	[14.741360499075798]
843	4	66	4	[14.349219461343097]
844	8	28	4	[16.34839985112698]
845	4	71	4	[13.559310888706221]
846	6	62	3	[20.904721756678462]
847	1	24	6	[19.964021714710846,9.982010857355423,15.120229540658537]
848	8	7	6	[19.666982076511566,9.833491038255783,15.261931461204831]
849	15	45	6	[19.564897690010977,9.782448845005488,15.207234828022447]
850	13	10	4	[16.287475380239314]
851	15	4	6	[19.94865836028496,9.97432918014248,13.343894160451747]
852	17	27	3	[19.59255961260439]
853	3	67	2	[]
854	3	39	2	[]
855	16	9	1	[]
856	18	62	6	[19.421389113388972,9.710694556694486,16.038346475891814]
857	19	4	5	[20.653388311429755,10.326694155714877]
858	13	46	3	[20.054282325289506]
859	17	41	4	[16.622087152540658]
860	7	38	4	[13.1309208455079]
861	2	9	2	[]
862	16	42	2	[]
863	16	21	6	[20.115037305397465,10.057518652698732,14.73633508217232]
864	4	5	1	[]
865	11	45	4	[13.918614881326269]
866	9	14	1	[]
867	3	8	4	[14.770405933685815]
868	1	38	4	[16.47808569778193]
869	9	40	6	[19.21560651254986,9.60780325627493,15.460701052215251]
870	9	29	3	[20.54280103347019]
871	17	1	5	[20.626881094954822,10.313440547477411]
872	4	55	5	[20.9097777706878,10.4548888853439]
873	21	2	5	[19.367129941403427,9.683564970701713]
874	10	4	5	[19.49862645161973,9.749313225809866]
875	11	45	4	[14.820786929874329]
876	13	31	5	[20.426191327497754,10.213095663748877]
877	4	63	4	[14.252910024649216]
878	2	32	1	[]
879	16	15	6	[19.89906704294077,9.949533521470386,13.29922937669964]
880	7	20	5	[20.377768164802415,10.188884082401207]
881	20	62	6	[20.52277850591903,10.261389252959516,14.69755196731039]
882	15	7	6	[20.723751741819125,10.361875870909563,15.439310852846539]
883	5	32	2	[]
884	17	69	3	[20.019954889678708]
885	20	20	6	[19.65576828159812,9.82788414079906,15.613029263660366]
886	8	27	5	[20.938952655087057,10.469476327543529]
887	17	50	1	[]
888	10	40	5	[20.075241376661776,10.037620688330888]
889	10	3	5	[20.328010790645283,10.164005395322642]
890	12	23	3	[21.23875732541265]
891	20	27	2	[]
892	21	7	5	[19.3856119675565,9.69280598377825]
893	15	31	5	[20.522869897192464,10.261434948596232]
894	16	14	2	[]
895	6	33	4	[15.108045603260978]
896	9	8	4	[15.938769677035747]
897	6	26	1	[]
898	13	71	2	[]
899	4	10	5	[19.970571551456487,9.985285775728244]
900	6	25	3	[20.283842933345284]
901	19	14	3	[20.018437580821423]
902	18	69	1	[]
903	15	58	4	[13.466781150299916]
904	4	67	2	[]
905	6	71	6	[20.211020182186324,10.105510091093162,17.05272967164577]
906	8	65	3	[20.200353824647625]
907	7	52	3	[19.78344539295585]
908	4	20	1	[]
909	5	64	3	[19.545120298215682]
910	21	35	4	[15.201099052957272]
911	18	32	2	[]
912	1	26	1	[]
913	18	59	5	[19.93149439819791,9.965747199098955]
914	5	2	6	[19.466431919505343,9.733215959752672,15.697114792461717]
915	14	5	4	[13.70453799802485]
916	9	15	1	[]
917	12	58	3	[20.361292491666454]
918	7	49	6	[20.29543963286454,10.14771981643227,15.598976811937913]
919	10	37	1	[]
920	5	30	1	[]
921	14	15	3	[20.207725383525776]
922	15	15	3	[19.352985973880592]
923	6	17	1	[]
924	4	65	2	[]
925	16	12	2	[]
926	9	32	2	[]
927	8	7	2	[]
928	13	31	5	[20.045219435818364,10.022609717909182]
929	8	70	4	[14.503392147023362]
930	18	4	1	[]
931	10	61	2	[]
932	11	22	3	[19.460361942765367]
933	15	29	6	[19.926554672808795,9.963277336404397,13.256577201439745]
934	9	62	4	[12.743309846877683]
935	11	63	1	[]
936	12	67	4	[15.400414226204145]
937	20	21	5	[19.784974054014988,9.892487027007494]
938	14	69	4	[16.079862287761056]
939	6	45	5	[19.704852722527647,9.852426361263824]
940	3	14	4	[15.78341829607455]
941	17	47	1	[]
942	3	29	4	[14.845977731021224]
943	21	54	1	[]
944	7	2	1	[]
945	12	13	5	[20.73515020616397,10.367575103081984]
946	9	28	1	[]
947	15	51	5	[20.428482076914566,10.214241038457283]
948	16	63	1	[]
949	20	30	6	[19.715660527409423,9.857830263704711,14.872657843235132]
950	9	29	3	[19.099775577417084]
951	17	25	1	[]
952	13	51	4	[14.975256295657491]
953	7	49	1	[]
954	5	11	2	[]
955	11	11	5	[19.493355286397556,9.746677643198778]
956	10	48	3	[19.785628752508583]
957	21	44	5	[20.447599889081214,10.223799944540607]
958	8	49	4	[14.226018400745545]
959	19	56	4	[14.51791008699896]
960	12	47	2	[]
961	3	41	2	[]
962	13	57	2	[]
963	14	48	4	[15.291774949002127]
964	20	37	4	[13.223958123604966]
965	14	4	1	[]
966	3	34	6	[19.50900844300129,9.754504221500644,15.001311754612205]
967	19	55	2	[]
968	18	41	1	[]
969	21	68	5	[20.500277436932322,10.250138718466161]
970	11	9	1	[]
971	1	59	6	[19.40987359100769,9.704936795503844,16.143874362588157]
972	14	59	2	[]
973	1	52	3	[20.146326867209197]
974	11	13	3	[18.79837582866023]
975	11	38	3	[20.686711279093586]
976	17	57	5	[20.32060242907413,10.160301214537064]
977	17	17	1	[]
978	10	30	5	[20.031646711971145,10.015823355985573]
979	20	49	5	[20.469821139868728,10.234910569934364]
980	4	19	2	[]
981	4	38	1	[]
982	16	1	2	[]
983	6	56	5	[21.291042279418992,10.645521139709496]
984	2	54	5	[19.58324706596362,9.79162353298181]
985	17	1	6	[19.889110752499796,9.944555376249898,14.145217190166209]
986	15	45	4	[14.808315554714046]
987	8	18	2	[]
988	15	4	4	[15.833708322221264]
989	21	64	6	[19.01491927118013,9.507459635590065,15.27322759249553]
990	15	53	3	[19.844929447770642]
991	19	10	3	[20.319303540669676]
992	20	71	1	[]
993	19	1	5	[20.438421289297732,10.219210644648866]
994	8	36	5	[19.856483263984092,9.928241631992046]
995	19	43	4	[14.470763614628344]
996	14	19	6	[20.007237944926988,10.003618972463494,14.537514882365066]
997	13	51	5	[19.640715074621845,9.820357537310922]
998	11	33	4	[14.128762492482739]
999	16	26	6	[20.145954721316894,10.072977360658447,17.31630846226377]
